{
 "cells": [
  {
   "cell_type": "code",
   "execution_count": 1,
   "metadata": {
    "scrolled": true
   },
   "outputs": [],
   "source": [
    "from sklearn.cluster import KMeans\n",
    "import tensorflow as tf\n",
    "import matplotlib.pyplot as plt\n",
    "import argparse\n",
    "import utils\n",
    "import cv2\n",
    "import os\n",
    "import shutil\n",
    "from PIL import Image\n",
    "\n",
    "#folder='../../my_data/UCF-Brox/flow/jpg/'\n",
    "#outputfolder='../../my_data/UCF-Brox/flow/key_jpg/'\n",
    "folder='../../my_data/UCF-Brox/flow/rgb/jpg/'\n",
    "outputfolder='../../my_data/UCF-Brox/flow/test-Key-1/jpg'\n",
    "import time\n",
    "\n"
   ]
  },
  {
   "cell_type": "code",
   "execution_count": 2,
   "metadata": {},
   "outputs": [],
   "source": [
    "def histImage(image):\n",
    "    # reshape the image to be a list of pixels\n",
    "    image = image.reshape((image.shape[0] * image.shape[1], 3))\n",
    "\n",
    "    # cluster the pixel intensities\n",
    "    clt = KMeans(n_clusters = 7, max_iter=300)\n",
    "    clt.fit(image)\n",
    "    \n",
    "    # build a histogram of clusters and then create a figure\n",
    "    # representing the number of pixels labeled to each color\n",
    "    hist = utils.centroid_histogram(clt)\n",
    "    #print(\"hist\", hist)\n",
    "    #print(\"clt.cluster_centers_\",clt.cluster_centers_)\n",
    "    bar = utils.plot_colors(hist, clt.cluster_centers_)\n",
    "    \n",
    "    return bar \n",
    "    "
   ]
  },
  {
   "cell_type": "code",
   "execution_count": 3,
   "metadata": {},
   "outputs": [],
   "source": [
    "def compareHSV(bar0, bar1, a_margin=0, nc_margin=0, m_margin=0):\n",
    "    newColor=[]\n",
    "    for b in bar1:\n",
    "        \n",
    "        flag=False\n",
    "        for bb in bar0:\n",
    "            if (abs(b[1]-bb[1])<=a_margin) and (abs(b[2]-bb[2])<=m_margin):\n",
    "                flag=True       \n",
    "                \n",
    "        if flag==False:#new color not in range of any exiting color\n",
    "            if b[0] > nc_margin  or b[2] > m_margin:\n",
    "                newColor.append(b)\n",
    "            \n",
    "    \n",
    "    for b in bar0:\n",
    "        flag1=False\n",
    "        for bb in bar1:\n",
    "            if (abs(b[1]-bb[1])<=a_margin) and (abs(b[2]-bb[2])<=m_margin):\n",
    "                flag1=True       \n",
    "                \n",
    "        if flag1==False:#new color not in range of any exiting color\n",
    "            if b[0] > nc_margin or b[2] > m_margin:\n",
    "                newColor.append(b)\n",
    "    return newColor\n",
    "            \n",
    "                "
   ]
  },
  {
   "cell_type": "code",
   "execution_count": 4,
   "metadata": {},
   "outputs": [],
   "source": [
    "def excludeBK(bar):\n",
    "    foregroundBar=[]\n",
    "    \n",
    "    for b in bar:\n",
    "        foregroundBar.append((b[0],b[1],b[2]*b[3]))\n",
    "    #return foregroundBar\n",
    "    sorted_list = sorted(foregroundBar,key=lambda t: t[2])\n",
    "    \n",
    "    if sorted_list[0][0]>0.5:\n",
    "        sorted_list.pop(0)\n",
    "    #print(sorted_list)\n",
    "    return sorted_list"
   ]
  },
  {
   "cell_type": "code",
   "execution_count": 5,
   "metadata": {},
   "outputs": [],
   "source": [
    "def createDirectories(processed_vid):           \n",
    "    if not os.path.exists(processed_vid):\n",
    "        os.makedirs(processed_vid)\n",
    "    else:\n",
    "        files = os.listdir(processed_vid)\n",
    "        for f in files:\n",
    "            if os.path.isfile(os.path.join(processed_vid,f)):\n",
    "                os.remove(os.path.join(processed_vid,f))"
   ]
  },
  {
   "cell_type": "markdown",
   "metadata": {},
   "source": [
    "for action in os.listdir(folder):   \n",
    "    actiobclass=os.path.join(folder,action)\n",
    "    #print(actiobclass)\n",
    "    for vid in os.listdir(actiobclass):\n",
    "        if vid.endswith('.avi'):\n",
    "            vidName=os.path.join(actiobclass,vid)\n",
    "            #print(vid)\n",
    "            outputPath=os.path.join(outputfolder,action, vid)\n",
    "            #print(outputPath)\n",
    "            createDirectories(outputPath)"
   ]
  },
  {
   "cell_type": "code",
   "execution_count": 6,
   "metadata": {
    "scrolled": true
   },
   "outputs": [
    {
     "name": "stdout",
     "output_type": "stream",
     "text": [
      "../../my_data/UCF-Brox/flow/rgb/jpg/WallPushups\n",
      "../../my_data/UCF-Brox/flow/rgb/jpg/WallPushups/.avi\n",
      "../../my_data/UCF-Brox/flow/rgb/jpg/WallPushups/v_WallPushups_g01_c01.avi\n",
      "../../my_data/UCF-Brox/flow/rgb/jpg/WallPushups/v_WallPushups_g01_c01.avi/v_WallPushups_g01_c01_2.jpg\n",
      "[(0.020729166666666667, 250, 0.38658414018887116, 0.9901763720563603), (0.84984375, 281, 0.006980687669530636, 0.9909972397367343), (0.04625, 295, 0.16230812961910385, 0.9643256626213057), (0.01328125, 352, 0.5144346743444109, 0.9881584006151478), (0.02802083333333333, 353, 0.2709294369523488, 0.9907500546687075), (0.03557291666666667, 277, 0.34182672330208985, 0.9934181859878456), (0.006302083333333333, 52, 0.3369285907492568, 0.9585480473181005)]\n",
      "../../my_data/UCF-Brox/flow/rgb/jpg/WallPushups/v_WallPushups_g01_c01.avi/v_WallPushups_g01_c01_3.jpg\n",
      "[(0.14442708333333334, 350, 0.053687213624967596, 0.997839106793096), (0.035104166666666665, 342, 0.35638429532891147, 0.9872694478384826), (0.6816145833333334, 335, 0.005909371580841208, 0.9958081436899662), (0.006458333333333333, 351, 0.5275774702786993, 0.9736242884250473), (0.08192708333333333, 353, 0.1186007701218718, 0.996414993206437), (0.01234375, 311, 0.2557080716957511, 0.977628857450153), (0.038125, 354, 0.22785438380699416, 0.9930568948891031)]\n",
      "../../my_data/UCF-Brox/flow/rgb/jpg/WallPushups/v_WallPushups_g01_c01.avi/v_WallPushups_g01_c01_4.jpg\n",
      "[(0.14291666666666666, 350, 0.05288188895189974, 0.9979591836734694), (0.6805729166666666, 335, 0.0058642029258827, 0.9958023279718254), (0.0375, 343, 0.3504606173540572, 0.9879466230936819), (0.006458333333333333, 351, 0.5275774702786993, 0.9736242884250473), (0.028489583333333332, 4, 0.21504196768163603, 0.9933612933290318), (0.020729166666666667, 323, 0.27282632599612067, 0.9856931717410581), (0.08333333333333333, 351, 0.11746981278386885, 0.9956249999999999)]\n",
      "../../my_data/UCF-Brox/flow/rgb/jpg/WallPushups/v_WallPushups_g01_c01.avi/v_WallPushups_g01_c01_5.jpg\n",
      "[(0.04901041666666667, 355, 0.08076259539752625, 0.9976578941884937), (0.04375, 357, 0.2612612188613359, 0.9919561157796453), (0.013854166666666667, 292, 0.3928379312994673, 0.9592363261093911), (0.027708333333333335, 350, 0.4431192660550482, 0.98827952233525), (0.026875, 297, 0.1923811438335494, 0.9829533363733094), (0.05375, 0, 0.1571848356766384, 0.9970322237422101), (0.7850520833333333, 340, 0.021167956887900814, 0.9975236853847222)]\n",
      "../../my_data/UCF-Brox/flow/rgb/jpg/WallPushups/v_WallPushups_g01_c01.avi/v_WallPushups_g01_c01_6.jpg\n",
      "[(0.81078125, 341, 0.022529338825242707, 0.9975274493429411), (0.020833333333333332, 345, 0.3669487821353333, 0.9869411764705882), (0.07041666666666667, 359, 0.13445593143468262, 0.9976911474649032), (0.027395833333333335, 298, 0.19020844241085821, 0.9825318720644155), (0.03947916666666667, 2, 0.2405539265979565, 0.9933829996378498), (0.017708333333333333, 352, 0.46800816564595915, 0.9887543252595156), (0.013385416666666667, 291, 0.3951561907170837, 0.9652246890974289)]\n",
      "../../my_data/UCF-Brox/flow/rgb/jpg/WallPushups/v_WallPushups_g01_c01.avi/v_WallPushups_g01_c01_7.jpg\n",
      "[(0.7830729166666667, 330, 0.012362980109059214, 0.997241730080792), (0.051666666666666666, 351, 0.4076372599689848, 0.9943469323213157), (0.05619791666666667, 1, 0.22328315297105097, 0.9961220447400462), (0.07682291666666667, 341, 0.08966212109903936, 0.9974449983383185), (0.005364583333333333, 354, 0.6567215626196854, 0.9940986103179136), (0.0203125, 322, 0.27987559720503025, 0.9828758169934642), (0.0065625, 318, 0.6744002525252528, 0.9859943977591037)]\n",
      "../../my_data/UCF-Brox/flow/rgb/jpg/WallPushups/v_WallPushups_g01_c01.avi/v_WallPushups_g01_c01_8.jpg\n",
      "[(0.23640625, 358, 0.0298697375448243, 0.9979122397857821), (0.029635416666666668, 335, 0.29905153776413723, 0.9934871475091803), (0.03505208333333333, 347, 0.19082818626448222, 0.992765982132498), (0.007083333333333333, 338, 0.6485245518088478, 0.985957324106113), (0.04828125, 3, 0.113333475035603, 0.9962097149875069), (0.6102083333333334, 321, 0.014636978371403448, 0.9974126215867023), (0.03333333333333333, 0, 0.2968926327213979, 0.9936458333333333)]\n",
      "../../my_data/UCF-Brox/flow/rgb/jpg/WallPushups/v_WallPushups_g01_c01.avi/v_WallPushups_g01_c01_9.jpg\n",
      "[(0.83453125, 334, 0.003360893973250008, 0.9968676886630838), (0.04859375, 345, 0.14160424284906045, 0.9954059222831684), (0.009739583333333333, 341, 0.5561853598697153, 0.9915277340882878), (0.019635416666666666, 349, 0.30085879058882564, 0.9956415457429656), (0.03578125, 347, 0.06085983239582166, 0.9959412336363117), (0.05057291666666667, 353, 0.2066986305815179, 0.9956503301629611), (0.0011458333333333333, 299, 0.44315727469075217, 0.907843137254902)]\n",
      "../../my_data/UCF-Brox/flow/rgb/jpg/WallPushups/v_WallPushups_g01_c01.avi/v_WallPushups_g01_c01_10.jpg\n",
      "[(0.0096875, 340, 0.5571267569694007, 0.9915032679738562), (0.83453125, 334, 0.0033586484091749484, 0.9968677379208565), (0.04859375, 345, 0.14160424284906045, 0.9954059222831684), (0.0011458333333333333, 299, 0.44315727469075217, 0.907843137254902), (0.03578125, 347, 0.06082854751997468, 0.9959414333418958), (0.019635416666666666, 349, 0.3015945089757131, 0.9956368606423802), (0.050625, 353, 0.20698310720829255, 0.9956525233044038)]\n",
      "../../my_data/UCF-Brox/flow/rgb/jpg/WallPushups/v_WallPushups_g01_c01.avi/v_WallPushups_g01_c01_11.jpg\n",
      "[(0.0903125, 3, 0.0323547618345773, 0.9973924056358414), (0.02515625, 329, 0.23217656335542053, 0.9936345552713839), (0.008489583333333333, 333, 0.6844463041819455, 0.9774329363647299), (0.07, 352, 0.1046300067093036, 0.9959062791783381), (0.022916666666666665, 359, 0.1685471738663211, 0.9952941176470589), (0.005989583333333334, 336, 0.439955496836102, 0.9808013640238704), (0.7771354166666666, 341, 0.005191160718880163, 0.9974374844770695)]\n",
      "../../my_data/UCF-Brox/flow/rgb/jpg/WallPushups/v_WallPushups_g01_c01.avi/v_WallPushups_g01_c01_12.jpg\n",
      "[(0.063125, 3, 0.04017516827507902, 0.9974600401216592), (0.008177083333333333, 335, 0.6849789969127968, 0.987086299487948), (0.0725, 351, 0.10998347219706366, 0.9954473743520397), (0.8076041666666667, 344, 0.005697981136727725, 0.997426170261733), (0.0421875, 341, 0.20850121654501105, 0.9949164851125635), (0.0005729166666666667, 283, 0.6519208381839349, 0.9187165775401069), (0.005833333333333334, 338, 0.43815454288140276, 0.9896358543417367)]\n",
      "../../my_data/UCF-Brox/flow/rgb/jpg/WallPushups/v_WallPushups_g01_c01.avi/v_WallPushups_g01_c01_13.jpg\n",
      "[(0.09036458333333333, 3, 0.03250214142952275, 0.9974436345143245), (0.02515625, 329, 0.23217656335542053, 0.9936345552713839), (0.008489583333333333, 333, 0.6844463041819455, 0.9774329363647299), (0.7772395833333333, 341, 0.00518996636362895, 0.9974320465973697), (0.005989583333333334, 336, 0.439955496836102, 0.9808013640238704), (0.06989583333333334, 352, 0.10474550111940004, 0.9959001782531195), (0.022864583333333334, 359, 0.16860084188229638, 0.99528339809728)]\n",
      "../../my_data/UCF-Brox/flow/rgb/jpg/WallPushups/v_WallPushups_g01_c01.avi/v_WallPushups_g01_c01_14.jpg\n",
      "[(0.09098958333333333, 3, 0.03291596718079777, 0.9975060888694345), (0.00609375, 337, 0.43063887476698753, 0.9889391654097537), (0.07390625, 351, 0.10804774996462656, 0.9954736260701463), (0.04265625, 341, 0.20646407801606262, 0.9949997602953161), (0.00828125, 335, 0.6828232354778241, 0.9871747441114811), (0.7775, 341, 0.005184835186722448, 0.9974260765399408), (0.0005729166666666667, 283, 0.6519208381839349, 0.9187165775401069)]\n",
      "../../my_data/UCF-Brox/flow/rgb/jpg/WallPushups/v_WallPushups_g01_c01.avi/v_WallPushups_g01_c01_15.jpg\n",
      "[(0.8076041666666667, 344, 0.005697981136727725, 0.997426170261733), (0.009010416666666667, 335, 0.6713590226427202, 0.9871018927802335), (0.0721875, 351, 0.1092674386216207, 0.9954842543077838), (0.04213541666666667, 341, 0.20535140816286687, 0.9949939481965626), (0.06276041666666667, 2, 0.03988310013224704, 0.9974757344798385), (0.0056770833333333335, 337, 0.40898353744957583, 0.9899982011153085), (0.000625, 286, 0.6423698384201076, 0.9101307189542484)]\n",
      "../../my_data/UCF-Brox/flow/rgb/jpg/WallPushups/v_WallPushups_g01_c01.avi/v_WallPushups_g01_c01_16.jpg\n",
      "[(0.8075520833333333, 344, 0.005698584368495549, 0.9974292922586642), (0.009427083333333334, 334, 0.6697902128885025, 0.9780305492362691), (0.036770833333333336, 345, 0.20546195758254868, 0.9960173304449258), (0.06479166666666666, 358, 0.1030681760624001, 0.9966021485022005), (0.062239583333333334, 2, 0.039368058114438935, 0.997463286569858), (0.01328125, 315, 0.17510784222449735, 0.9872242647058823), (0.0059375, 334, 0.41026989134244557, 0.9814241486068112)]\n"
     ]
    },
    {
     "name": "stdout",
     "output_type": "stream",
     "text": [
      "../../my_data/UCF-Brox/flow/rgb/jpg/WallPushups/v_WallPushups_g01_c01.avi/v_WallPushups_g01_c01_17.jpg\n",
      "[(0.6415625, 342, 0.01255230392367007, 0.998378906685259), (0.010572916666666666, 308, 0.8421779290228488, 0.993431855500821), (0.07375, 345, 0.19234815240411116, 0.9977816550348954), (0.057604166666666665, 345, 0.13566371366563396, 0.9965961067971493), (0.0060416666666666665, 314, 0.5701700260523797, 0.9862068965517241), (0.19432291666666668, 344, 0.04804592137385258, 0.9988595813559946), (0.016145833333333335, 313, 0.3115636049144045, 0.9946363061353574)]\n",
      "../../my_data/UCF-Brox/flow/rgb/jpg/WallPushups/v_WallPushups_g01_c01.avi/v_WallPushups_g01_c01_18.jpg\n",
      "[(0.016145833333333335, 313, 0.3115636049144045, 0.9946363061353574), (0.6415625, 342, 0.01255230392367007, 0.998378906685259), (0.0060416666666666665, 314, 0.5701700260523797, 0.9862068965517241), (0.05765625, 345, 0.13566612043807202, 0.9965920966399207), (0.010572916666666666, 308, 0.8421779290228488, 0.993431855500821), (0.19432291666666668, 344, 0.04804592137385258, 0.9988595813559946), (0.07369791666666667, 344, 0.19238610544794194, 0.9977856301531214)]\n",
      "../../my_data/UCF-Brox/flow/rgb/jpg/WallPushups/v_WallPushups_g01_c01.avi/v_WallPushups_g01_c01_19.jpg\n",
      "[(0.6415625, 342, 0.01255230392367007, 0.998378906685259), (0.0060416666666666665, 314, 0.5701700260523797, 0.9862068965517241), (0.07375, 345, 0.19234815240411116, 0.9977816550348954), (0.057604166666666665, 345, 0.13566371366563396, 0.9965961067971493), (0.19432291666666668, 344, 0.04804592137385258, 0.9988595813559946), (0.010572916666666666, 308, 0.8421779290228488, 0.993431855500821), (0.016145833333333335, 313, 0.3115636049144045, 0.9946363061353574)]\n",
      "../../my_data/UCF-Brox/flow/rgb/jpg/WallPushups/v_WallPushups_g01_c01.avi/v_WallPushups_g01_c01_20.jpg\n",
      "[(0.6378645833333333, 340, 0.010211636511549296, 0.9981879515911867), (0.170625, 349, 0.1490455239335516, 0.9982439129497951), (0.019739583333333335, 283, 0.3149560976630771, 0.9887009157224896), (0.03755208333333333, 298, 0.19145073813207628, 0.9737728100949119), (0.12135416666666667, 336, 0.0484940130952442, 0.99504670537743), (0.0017708333333333332, 288, 0.8182562902282036, 0.9855824682814301), (0.01109375, 292, 0.542118432026689, 0.9933719966859985)]\n",
      "../../my_data/UCF-Brox/flow/rgb/jpg/WallPushups/v_WallPushups_g01_c01.avi/v_WallPushups_g01_c01_21.jpg\n",
      "[(0.70453125, 344, 0.014838590378923303, 0.9986907811102538), (0.011770833333333333, 274, 0.457221260902241, 0.9927641853201458), (0.02453125, 270, 0.6738454316061212, 0.9931892927022189), (0.06817708333333333, 342, 0.24445345588897482, 0.9973486720891569), (0.08505208333333333, 353, 0.14746777728854948, 0.9980980512229392), (0.03692708333333333, 290, 0.2227842138907864, 0.9863878978954064), (0.06901041666666667, 326, 0.07779678965222263, 0.9894014058453571)]\n",
      "../../my_data/UCF-Brox/flow/rgb/jpg/WallPushups/v_WallPushups_g01_c01.avi/v_WallPushups_g01_c01_22.jpg\n",
      "[(0.011614583333333333, 274, 0.4626122694821859, 0.9926844280313022), (0.70515625, 344, 0.01486458816112961, 0.9986910725587208), (0.06786458333333334, 342, 0.2440800744262186, 0.9973305708194462), (0.024322916666666666, 270, 0.6748201195539082, 0.9931813410589075), (0.0690625, 325, 0.07846493616868495, 0.9890107288198299), (0.085, 353, 0.1473860045364344, 0.9981065800553356), (0.03697916666666667, 290, 0.2252133615013449, 0.9856558961612815)]\n",
      "../../my_data/UCF-Brox/flow/rgb/jpg/WallPushups/v_WallPushups_g01_c01.avi/v_WallPushups_g01_c01_23.jpg\n",
      "[(0.70515625, 344, 0.01486458816112961, 0.9986910725587208), (0.03697916666666667, 290, 0.2252133615013449, 0.9856558961612815), (0.024322916666666666, 270, 0.6748201195539082, 0.9931813410589075), (0.085, 353, 0.14750187182061056, 0.9981040945790086), (0.0690625, 325, 0.07848883280455268, 0.9890190163546565), (0.06786458333333334, 342, 0.2441863974071864, 0.9973304440732551), (0.011614583333333333, 274, 0.4626122694821859, 0.9926844280313022)]\n",
      "../../my_data/UCF-Brox/flow/rgb/jpg/WallPushups/v_WallPushups_g01_c01.avi/v_WallPushups_g01_c01_24.jpg\n",
      "[(0.70515625, 344, 0.01486458816112961, 0.9986910725587208), (0.024322916666666666, 270, 0.6748201195539082, 0.9931813410589075), (0.06786458333333334, 342, 0.2441863974071864, 0.9973304440732551), (0.0690625, 325, 0.07848883280455268, 0.9890190163546565), (0.085, 353, 0.14750187182061056, 0.9981040945790086), (0.011614583333333333, 274, 0.4626122694821859, 0.9926844280313022), (0.03697916666666667, 290, 0.2252133615013449, 0.9856558961612815)]\n",
      "../../my_data/UCF-Brox/flow/rgb/jpg/WallPushups/v_WallPushups_g01_c01.avi/v_WallPushups_g01_c01_25.jpg\n",
      "[(0.70515625, 344, 0.01486458816112961, 0.9986910725587208), (0.06786458333333334, 342, 0.2441863974071864, 0.9973304440732551), (0.024322916666666666, 270, 0.6748201195539082, 0.9931813410589075), (0.085, 353, 0.14750187182061056, 0.9981040945790086), (0.03697916666666667, 290, 0.2252133615013449, 0.9856558961612815), (0.0690625, 325, 0.07848883280455268, 0.9890190163546565), (0.011614583333333333, 274, 0.4626122694821859, 0.9926844280313022)]\n",
      "../../my_data/UCF-Brox/flow/rgb/jpg/WallPushups/v_WallPushups_g01_c01.avi/v_WallPushups_g01_c01_26.jpg\n",
      "[(0.72984375, 343, 0.021647844527036362, 0.997807917857789), (0.022239583333333333, 298, 0.6313393147513998, 0.9601506176240987), (0.02421875, 273, 0.3117649058399613, 0.9945233265720085), (0.04552083333333334, 354, 0.5512497464445965, 0.9954009063579666), (0.0596875, 332, 0.48850231190442855, 0.9961400266913047), (0.07677083333333333, 339, 0.1624671220744322, 0.9936350947158522), (0.04171875, 269, 0.5825648344077633, 0.9948838461726771)]\n",
      "../../my_data/UCF-Brox/flow/rgb/jpg/WallPushups/v_WallPushups_g01_c01.avi/v_WallPushups_g01_c01_27.jpg\n",
      "[(0.07786458333333333, 323, 0.08418959762481881, 0.983554118698418), (0.07229166666666667, 344, 0.5487848802747608, 0.9962112222410578), (0.7102604166666666, 329, 0.009050698909466215, 0.9969777471105762), (0.04041666666666666, 275, 0.32058391489318533, 0.9942439862542962), (0.034895833333333334, 1, 0.6706574842545139, 0.9943810359964881), (0.02453125, 290, 0.584914692105176, 0.9740477082552765), (0.039739583333333335, 356, 0.21573736321000445, 0.9961658057718499)]\n",
      "../../my_data/UCF-Brox/flow/rgb/jpg/WallPushups/v_WallPushups_g01_c01.avi/v_WallPushups_g01_c01_28.jpg\n",
      "[(0.7102604166666666, 329, 0.009042561476429305, 0.9969813957701599), (0.07229166666666667, 344, 0.5487848802747608, 0.9962112222410578), (0.04041666666666666, 275, 0.32058391489318533, 0.9942439862542962), (0.034895833333333334, 1, 0.6706574842545139, 0.9943810359964881), (0.07786458333333333, 323, 0.08411454235597554, 0.9835477736245004), (0.02453125, 290, 0.584914692105176, 0.9740477082552765), (0.039739583333333335, 356, 0.21573736321000445, 0.9961658057718499)]\n",
      "../../my_data/UCF-Brox/flow/rgb/jpg/WallPushups/v_WallPushups_g01_c01.avi/v_WallPushups_g01_c01_29.jpg\n",
      "[(0.29442708333333334, 339, 0.008310126032158976, 0.9976483075098072), (0.07333333333333333, 348, 0.5422253080284798, 0.9955572278662709), (0.07994791666666666, 348, 0.17385004134654092, 0.9978948713035702), (0.027552083333333335, 359, 0.668407913856701, 0.9948107787538456), (0.44947916666666665, 343, 0.06039426148300008, 0.9988336616073838), (0.03484375, 337, 0.3683275486793338, 0.994966344746854), (0.04041666666666666, 288, 0.17366641603625335, 0.9892827324478173)]\n",
      "../../my_data/UCF-Brox/flow/rgb/jpg/WallPushups/v_WallPushups_g01_c01.avi/v_WallPushups_g01_c01_30.jpg\n",
      "[(0.03, 345, 0.37316109776217166, 0.9945465686274508), (0.4025, 340, 0.044859804538142194, 0.9988968050988509), (0.06713541666666667, 350, 0.5397592274756635, 0.9962001247356972), (0.33239583333333333, 346, 0.004962933571228501, 0.9973098358741804), (0.04921875, 346, 0.21494764213053671, 0.9969439095595999), (0.024375, 0, 0.617235448843326, 0.9939332998156528), (0.094375, 348, 0.12110853375656203, 0.9938164879211352)]\n",
      "../../my_data/UCF-Brox/flow/rgb/jpg/WallPushups/v_WallPushups_g01_c01.avi/v_WallPushups_g01_c01_31.jpg\n",
      "[(0.39276041666666667, 341, 0.04077142730709991, 0.9991729282242144), (0.024583333333333332, 0, 0.6165085468299408, 0.9939764041209703), (0.081875, 350, 0.17437327156734647, 0.9975773420479302), (0.06895833333333333, 350, 0.5368201508101916, 0.9961731409544948), (0.034479166666666665, 345, 0.3515283452121811, 0.9947198243896651), (0.30911458333333336, 2, 0.003206540574115525, 0.9971442258453507), (0.08822916666666666, 337, 0.0977834293847265, 0.9927614282570677)]\n"
     ]
    },
    {
     "name": "stdout",
     "output_type": "stream",
     "text": [
      "../../my_data/UCF-Brox/flow/rgb/jpg/WallPushups/v_WallPushups_g01_c01.avi/v_WallPushups_g01_c01_32.jpg\n",
      "[(0.31046875, 1, 0.0032400571611924615, 0.9971441822828778), (0.024322916666666666, 0, 0.6174584533756894, 0.9939203090229668), (0.04895833333333333, 346, 0.2194547909586111, 0.9968994186409951), (0.09666666666666666, 348, 0.12163823541923664, 0.9939009566090586), (0.029427083333333333, 346, 0.3788157949834616, 0.9945236855804268), (0.42380208333333336, 340, 0.04405573690450804, 0.99894117165116), (0.06635416666666667, 350, 0.5408210560142266, 0.9961892449287406)]\n",
      "../../my_data/UCF-Brox/flow/rgb/jpg/WallPushups/v_WallPushups_g01_c01.avi/v_WallPushups_g01_c01_33.jpg\n",
      "[(0.7093229166666667, 1, 0.014698506745995533, 0.9978326127425784), (0.05286458333333333, 350, 0.55739065353877, 0.9963218390804597), (0.09958333333333333, 1, 0.21854179308642205, 0.9981418745508674), (0.02984375, 1, 0.6415939555751307, 0.9945864558737979), (0.030052083333333333, 355, 0.35911280829979986, 0.9948529411764706), (0.014947916666666667, 2, 0.7815079877470816, 0.9947256951561113), (0.06338541666666667, 6, 0.10717425113259861, 0.9982931533269045)]\n",
      "../../my_data/UCF-Brox/flow/rgb/jpg/WallPushups/v_WallPushups_g01_c01.avi/v_WallPushups_g01_c01_34.jpg\n",
      "[(0.0634375, 6, 0.10665095786058988, 0.9982921681408801), (0.05223958333333333, 350, 0.5573558207338876, 0.9963794889840283), (0.09963541666666667, 1, 0.21832207581293772, 0.9981456465676041), (0.01828125, 2, 0.7686174991016859, 0.9949835204737165), (0.70921875, 1, 0.014683197182697732, 0.9978325520439537), (0.0271875, 1, 0.6311737372974188, 0.9943279993989933), (0.03, 355, 0.3587320271278303, 0.9948461328976035)]\n",
      "../../my_data/UCF-Brox/flow/rgb/jpg/WallPushups/v_WallPushups_g01_c01.avi/v_WallPushups_g01_c01_35.jpg\n",
      "[(0.052708333333333336, 350, 0.5573234906324632, 0.9963225606448113), (0.71640625, 1, 0.01515200433837512, 0.9978355107946486), (0.09807291666666666, 1, 0.21929359177875882, 0.9981340755334562), (0.015, 2, 0.7812547054877935, 0.9947303921568628), (0.03, 1, 0.6409922922114392, 0.9945942265795207), (0.029895833333333333, 355, 0.35894974977719857, 0.9948508098891731), (0.057916666666666665, 6, 0.11450241583403631, 0.9983228511530398)]\n",
      "../../my_data/UCF-Brox/flow/rgb/jpg/WallPushups/v_WallPushups_g01_c01.avi/v_WallPushups_g01_c01_36.jpg\n",
      "[(0.7092708333333333, 1, 0.014693816533788748, 0.997832453586516), (0.029895833333333333, 1, 0.6415939555751307, 0.9945864558737979), (0.09958333333333333, 1, 0.21839451275644112, 0.9981458692263516), (0.05286458333333333, 350, 0.5572876917176555, 0.996321599505944), (0.0634375, 6, 0.10701154615235775, 0.9982935703016839), (0.03, 355, 0.3587320271278303, 0.9948461328976035), (0.014947916666666667, 2, 0.7815079877470816, 0.9947256951561113)]\n",
      "../../my_data/UCF-Brox/flow/rgb/jpg/WallPushups/v_WallPushups_g01_c01.avi/v_WallPushups_g01_c01_37.jpg\n",
      "[(0.014947916666666667, 2, 0.7815079877470816, 0.9947256951561113), (0.71640625, 1, 0.01515200433837512, 0.9978355107946486), (0.02953125, 355, 0.3623102755393629, 0.994757409136494), (0.05265625, 350, 0.5576595902063887, 0.9963383177207579), (0.058645833333333335, 6, 0.11511864595823, 0.9983262870365537), (0.02984375, 1, 0.6415939555751307, 0.9945864558737979), (0.09796875, 1, 0.22036806379883683, 0.9981309970796829)]\n",
      "../../my_data/UCF-Brox/flow/rgb/jpg/WallPushups/v_WallPushups_g01_c01.avi/v_WallPushups_g01_c01_38.jpg\n",
      "[(0.7277604166666667, 3, 0.020072908067182954, 0.9982465739587192), (0.04864583333333333, 3, 0.7174310920684096, 0.9956249737582399), (0.045260416666666664, 0, 0.5341404204824332, 0.9963852975021998), (0.056875, 8, 0.095667798538769, 0.9982243309789544), (0.0546875, 5, 0.8662685940970782, 0.9970233426704014), (0.02515625, 13, 0.4262791401755985, 0.9963800904977375), (0.04161458333333334, 11, 0.22354382184968308, 0.9977619082676875)]\n",
      "../../my_data/UCF-Brox/flow/rgb/jpg/WallPushups/v_WallPushups_g01_c01.avi/v_WallPushups_g01_c01_39.jpg\n",
      "[(0.7277604166666667, 3, 0.020072908067182954, 0.9982465739587192), (0.04864583333333333, 3, 0.7174310920684096, 0.9956249737582399), (0.04161458333333334, 11, 0.22354382184968308, 0.9977619082676875), (0.0546875, 5, 0.8662685940970782, 0.9970233426704014), (0.02515625, 13, 0.4262791401755985, 0.9963800904977375), (0.045260416666666664, 0, 0.5341404204824332, 0.9963852975021998), (0.056875, 8, 0.095667798538769, 0.9982243309789544)]\n",
      "../../my_data/UCF-Brox/flow/rgb/jpg/WallPushups/v_WallPushups_g01_c01.avi/v_WallPushups_g01_c01_40.jpg\n",
      "[(0.7277604166666667, 3, 0.020072908067182954, 0.9982465739587192), (0.04864583333333333, 3, 0.7174310920684096, 0.9956249737582399), (0.045260416666666664, 0, 0.5341404204824332, 0.9963852975021998), (0.02515625, 13, 0.4262791401755985, 0.9963800904977375), (0.056875, 8, 0.095667798538769, 0.9982243309789544), (0.04161458333333334, 11, 0.22354382184968308, 0.9977619082676875), (0.0546875, 5, 0.8662685940970782, 0.9970233426704014)]\n",
      "../../my_data/UCF-Brox/flow/rgb/jpg/WallPushups/v_WallPushups_g01_c01.avi/v_WallPushups_g01_c01_41.jpg\n",
      "[(0.7277083333333333, 3, 0.02006291380672416, 0.9982463526492763), (0.048802083333333336, 3, 0.7180874243668515, 0.995627868168544), (0.025208333333333333, 13, 0.4256763363754895, 0.996386960581334), (0.045260416666666664, 0, 0.5342414317252286, 0.9963849447825106), (0.04161458333333334, 11, 0.22328069882383103, 0.9977549019607843), (0.056875, 7, 0.09525556898635847, 0.99823313940961), (0.05453125, 5, 0.866767229188262, 0.9970296843569643)]\n",
      "../../my_data/UCF-Brox/flow/rgb/jpg/WallPushups/v_WallPushups_g01_c01.avi/v_WallPushups_g01_c01_42.jpg\n",
      "[(0.7277083333333333, 3, 0.020066536083570338, 0.998246478151842), (0.04833333333333333, 3, 0.7167135683937448, 0.9956009127789046), (0.045208333333333336, 0, 0.5340276864619202, 0.996390168970814), (0.041666666666666664, 11, 0.22333339892172793, 0.9977570001717834), (0.055052083333333335, 5, 0.8658306510130699, 0.9970319253529226), (0.02515625, 13, 0.4256763363754895, 0.996386960581334), (0.056875, 8, 0.09535664305475143, 0.9982295482295482)]\n",
      "../../my_data/UCF-Brox/flow/rgb/jpg/WallPushups/v_WallPushups_g01_c01.avi/v_WallPushups_g01_c01_43.jpg\n",
      "[(0.7277604166666667, 3, 0.020072908067182954, 0.9982465739587192), (0.04864583333333333, 3, 0.7174310920684096, 0.9956249737582399), (0.045260416666666664, 0, 0.5341404204824332, 0.9963852975021998), (0.04161458333333334, 11, 0.22354382184968308, 0.9977619082676875), (0.0546875, 5, 0.8662685940970782, 0.9970233426704014), (0.056875, 8, 0.095667798538769, 0.9982243309789544), (0.02515625, 13, 0.4262791401755985, 0.9963800904977375)]\n",
      "../../my_data/UCF-Brox/flow/rgb/jpg/WallPushups/v_WallPushups_g01_c01.avi/v_WallPushups_g01_c01_44.jpg\n",
      "[(0.7277604166666667, 3, 0.020072908067182954, 0.9982465739587192), (0.0546875, 5, 0.8662685940970782, 0.9970233426704014), (0.045260416666666664, 0, 0.5341404204824332, 0.9963852975021998), (0.04161458333333334, 11, 0.22354382184968308, 0.9977619082676875), (0.056875, 8, 0.095667798538769, 0.9982243309789544), (0.02515625, 13, 0.4262791401755985, 0.9963800904977375), (0.04864583333333333, 3, 0.7174310920684096, 0.9956249737582399)]\n",
      "../../my_data/UCF-Brox/flow/rgb/jpg/WallPushups/v_WallPushups_g01_c01.avi/v_WallPushups_g01_c01_45.jpg\n",
      "[(0.7277604166666667, 3, 0.020072908067182954, 0.9982465739587192), (0.054739583333333335, 5, 0.8662203227448181, 0.997026174884797), (0.045260416666666664, 0, 0.5341404204824332, 0.9963852975021998), (0.056875, 8, 0.095667798538769, 0.9982243309789544), (0.04859375, 3, 0.7173253177863153, 0.9956202845554083), (0.02515625, 13, 0.4262791401755985, 0.9963800904977375), (0.04161458333333334, 11, 0.22354382184968308, 0.9977619082676875)]\n",
      "../../my_data/UCF-Brox/flow/rgb/jpg/WallPushups/v_WallPushups_g01_c01.avi/v_WallPushups_g01_c01_46.jpg\n",
      "[(0.7277604166666667, 3, 0.020072908067182954, 0.9982465739587192), (0.02515625, 13, 0.4262791401755985, 0.9963800904977375), (0.0546875, 5, 0.8662685940970782, 0.9970233426704014), (0.04161458333333334, 11, 0.22354382184968308, 0.9977619082676875), (0.045260416666666664, 0, 0.5341404204824332, 0.9963852975021998), (0.04864583333333333, 3, 0.7174310920684096, 0.9956249737582399), (0.056875, 8, 0.095667798538769, 0.9982243309789544)]\n",
      "../../my_data/UCF-Brox/flow/rgb/jpg/WallPushups/v_WallPushups_g01_c01.avi/v_WallPushups_g01_c01_47.jpg\n"
     ]
    },
    {
     "name": "stdout",
     "output_type": "stream",
     "text": [
      "[(0.7277604166666667, 3, 0.020072908067182954, 0.9982465739587192), (0.04864583333333333, 3, 0.7174310920684096, 0.9956249737582399), (0.02515625, 13, 0.4262791401755985, 0.9963800904977375), (0.04161458333333334, 11, 0.22354382184968308, 0.9977619082676875), (0.045260416666666664, 0, 0.5341404204824332, 0.9963852975021998), (0.056875, 8, 0.095667798538769, 0.9982243309789544), (0.0546875, 5, 0.8662685940970782, 0.9970233426704014)]\n",
      "../../my_data/UCF-Brox/flow/rgb/jpg/WallPushups/v_WallPushups_g01_c01.avi/v_WallPushups_g01_c01_48.jpg\n",
      "[(0.7277604166666667, 3, 0.020072908067182954, 0.9982465739587192), (0.0546875, 5, 0.8662685940970782, 0.9970233426704014), (0.045260416666666664, 0, 0.5341404204824332, 0.9963852975021998), (0.056875, 8, 0.095667798538769, 0.9982243309789544), (0.04864583333333333, 3, 0.7174310920684096, 0.9956249737582399), (0.02515625, 13, 0.4262791401755985, 0.9963800904977375), (0.04161458333333334, 11, 0.22354382184968308, 0.9977619082676875)]\n",
      "../../my_data/UCF-Brox/flow/rgb/jpg/WallPushups/v_WallPushups_g01_c01.avi/v_WallPushups_g01_c01_49.jpg\n",
      "[(0.7277604166666667, 3, 0.020072908067182954, 0.9982465739587192), (0.04864583333333333, 3, 0.7174310920684096, 0.9956249737582399), (0.045260416666666664, 0, 0.5341404204824332, 0.9963852975021998), (0.04161458333333334, 11, 0.22354382184968308, 0.9977619082676875), (0.0546875, 5, 0.8662685940970782, 0.9970233426704014), (0.056875, 8, 0.095667798538769, 0.9982243309789544), (0.02515625, 13, 0.4262791401755985, 0.9963800904977375)]\n",
      "../../my_data/UCF-Brox/flow/rgb/jpg/WallPushups/v_WallPushups_g01_c01.avi/v_WallPushups_g01_c01_50.jpg\n",
      "[(0.56859375, 293, 0.0076015310721295115, 0.994310007597432), (0.04697916666666667, 5, 0.1414977388996583, 0.996008869179601), (0.02109375, 310, 0.31378890834099693, 0.9789687726942626), (0.24526041666666668, 357, 0.03948466996574447, 0.9984393672525288), (0.0078125, 21, 0.3785826020097032, 0.9860653594771241), (0.106875, 4, 0.08130246464027116, 0.99717157818293), (0.0033854166666666668, 169, 0.31615099009900965, 0.9749622926093514)]\n",
      "../../my_data/UCF-Brox/flow/rgb/jpg/WallPushups/v_WallPushups_g01_c01.avi/v_WallPushups_g01_c01_51.jpg\n",
      "[(0.035625, 192, 0.10854556923201637, 0.9907292741658067), (0.8783333333333333, 158, 0.0018437880036002068, 0.995853331845072), (0.014375, 196, 0.47686750802262307, 0.9873685706166524), (0.03270833333333333, 192, 0.3760198272662611, 0.9927126264518547), (0.015208333333333334, 283, 0.15775756753087997, 0.9893902766586086), (0.02020833333333333, 196, 0.24042111294134613, 0.9878815443703255), (0.0035416666666666665, 120, 0.24454301389051028, 0.9881199538638985)]\n",
      "../../my_data/UCF-Brox/flow/rgb/jpg/WallPushups/v_WallPushups_g01_c01.avi/v_WallPushups_g01_c01_52.jpg\n",
      "[(0.031145833333333334, 197, 0.519935056792302, 0.9936192537215555), (0.8078645833333333, 224, 0.005432053704628616, 0.9974666934661172), (0.042708333333333334, 192, 0.3542678995833564, 0.9940411286465806), (0.04296875, 193, 0.17486187713619458, 0.9959502445045814), (0.014375, 206, 0.6650363592031056, 0.9906365444728615), (0.019583333333333335, 229, 0.20666905172776662, 0.993840522875817), (0.041354166666666664, 214, 0.07238091460361072, 0.9961130043957129)]\n",
      "../../my_data/UCF-Brox/flow/rgb/jpg/WallPushups/v_WallPushups_g01_c01.avi/v_WallPushups_g01_c01_53.jpg\n",
      "[(0.042708333333333334, 192, 0.3542678995833564, 0.9940411286465806), (0.8078645833333333, 224, 0.005432053704628616, 0.9974666934661172), (0.014739583333333334, 206, 0.6628295685012897, 0.9907157209173422), (0.042916666666666665, 193, 0.174806584479983, 0.9959500891265596), (0.03078125, 196, 0.5192696820552496, 0.9936166683255365), (0.019635416666666666, 229, 0.2067058453143039, 0.9938464747601168), (0.041354166666666664, 214, 0.07238091460361072, 0.9961130043957129)]\n",
      "../../my_data/UCF-Brox/flow/rgb/jpg/WallPushups/v_WallPushups_g01_c01.avi/v_WallPushups_g01_c01_54.jpg\n",
      "[(0.8078645833333333, 224, 0.005432053704628616, 0.9974666934661172), (0.043125, 192, 0.3557416963268911, 0.9940181869849388), (0.030989583333333334, 197, 0.5227623994215652, 0.9935936727632229), (0.04307291666666667, 193, 0.17509011536668867, 0.9959552903286918), (0.013958333333333333, 206, 0.6662727662151543, 0.9906204272753877), (0.019635416666666666, 229, 0.20684227096232574, 0.9938464747601168), (0.041354166666666664, 214, 0.07238091460361072, 0.9961130043957129)]\n",
      "../../my_data/UCF-Brox/flow/rgb/jpg/WallPushups/v_WallPushups_g01_c01.avi/v_WallPushups_g01_c01_55.jpg\n",
      "[(0.8078645833333333, 224, 0.005432053704628616, 0.9974666934661172), (0.030833333333333334, 196, 0.5194839827994215, 0.9936075781664017), (0.042916666666666665, 193, 0.17480850006450782, 0.9959499333714067), (0.0146875, 206, 0.6628861782911964, 0.9907245167570574), (0.042708333333333334, 192, 0.3542678995833564, 0.9940411286465806), (0.019635416666666666, 229, 0.20661684668843708, 0.9938523950694337), (0.041354166666666664, 214, 0.07238091460361072, 0.9961130043957129)]\n",
      "../../my_data/UCF-Brox/flow/rgb/jpg/WallPushups/v_WallPushups_g01_c01.avi/v_WallPushups_g01_c01_56.jpg\n",
      "[(0.8078645833333333, 224, 0.005432053704628616, 0.9974666934661172), (0.031145833333333334, 197, 0.519935056792302, 0.9936192537215555), (0.042916666666666665, 193, 0.174806584479983, 0.9959500891265596), (0.014375, 206, 0.6650363592031056, 0.9906365444728615), (0.019635416666666666, 229, 0.2067058453143039, 0.9938464747601168), (0.042708333333333334, 192, 0.3542678995833564, 0.9940411286465806), (0.041354166666666664, 214, 0.07238091460361072, 0.9961130043957129)]\n",
      "../../my_data/UCF-Brox/flow/rgb/jpg/WallPushups/v_WallPushups_g01_c01.avi/v_WallPushups_g01_c01_57.jpg\n",
      "[(0.8078645833333333, 224, 0.005432053704628616, 0.9974666934661172), (0.042395833333333334, 192, 0.3537211872128363, 0.9940357469769233), (0.042916666666666665, 193, 0.17480850006450782, 0.9959499333714067), (0.015104166666666667, 206, 0.65990637496417, 0.9908181203515888), (0.019635416666666666, 229, 0.20661684668843708, 0.9938523950694337), (0.030729166666666665, 196, 0.5180715637939864, 0.9936124958457959), (0.041354166666666664, 214, 0.07238091460361072, 0.9961130043957129)]\n",
      "../../my_data/UCF-Brox/flow/rgb/jpg/WallPushups/v_WallPushups_g01_c01.avi/v_WallPushups_g01_c01_58.jpg\n",
      "[(0.8078645833333333, 224, 0.005432053704628616, 0.9974666934661172), (0.014375, 206, 0.6650363592031056, 0.9906365444728615), (0.042708333333333334, 192, 0.3542678995833564, 0.9940411286465806), (0.041354166666666664, 214, 0.07238091460361072, 0.9961130043957129), (0.031145833333333334, 197, 0.519935056792302, 0.9936192537215555), (0.04296875, 193, 0.17486187713619458, 0.9959502445045814), (0.019583333333333335, 229, 0.20666905172776662, 0.993840522875817)]\n",
      "../../my_data/UCF-Brox/flow/rgb/jpg/WallPushups/v_WallPushups_g01_c01.avi/v_WallPushups_g01_c01_59.jpg\n",
      "[(0.04411458333333333, 191, 0.5476119707975017, 0.9969396022871959), (0.7681770833333333, 203, 0.00540541405334578, 0.9971600600373041), (0.06921875, 191, 0.7319204505747537, 0.9964797356113251), (0.028854166666666667, 199, 0.873289619662624, 0.9953422524244354), (0.024010416666666666, 202, 0.27210895993566525, 0.9943175534856026), (0.05229166666666667, 199, 0.10610858132626876, 0.9967268182173268), (0.013333333333333334, 227, 0.45015482737902646, 0.9943474264705883)]\n",
      "../../my_data/UCF-Brox/flow/rgb/jpg/WallPushups/v_WallPushups_g01_c01.avi/v_WallPushups_g01_c01_60.jpg\n",
      "[(0.04416666666666667, 191, 0.5477321433541513, 0.9969385867554569), (0.7681770833333333, 203, 0.00540541405334578, 0.9971600600373041), (0.028854166666666667, 199, 0.873289619662624, 0.9953422524244354), (0.06916666666666667, 191, 0.7319824091415432, 0.9964800377982518), (0.024010416666666666, 202, 0.27235002100606265, 0.9943137254901961), (0.05229166666666667, 199, 0.106163579135282, 0.9967261730562872), (0.013333333333333334, 227, 0.45015482737902646, 0.9943474264705883)]\n",
      "../../my_data/UCF-Brox/flow/rgb/jpg/WallPushups/v_WallPushups_g01_c01.avi/v_WallPushups_g01_c01_61.jpg\n",
      "[(0.7681770833333333, 203, 0.00540541405334578, 0.9971600600373041), (0.06916666666666667, 191, 0.7319824091415432, 0.9964800377982518), (0.024010416666666666, 202, 0.27235002100606265, 0.9943137254901961), (0.028854166666666667, 199, 0.873289619662624, 0.9953422524244354), (0.013333333333333334, 227, 0.45015482737902646, 0.9943474264705883), (0.05229166666666667, 199, 0.106163579135282, 0.9967261730562872), (0.04416666666666667, 191, 0.5477321433541513, 0.9969385867554569)]\n"
     ]
    },
    {
     "name": "stdout",
     "output_type": "stream",
     "text": [
      "../../my_data/UCF-Brox/flow/rgb/jpg/WallPushups/v_WallPushups_g01_c01.avi/v_WallPushups_g01_c01_62.jpg\n",
